1 512 396.624
1 512 405.865
1 512 401.013
1 512 397.994
1 512 399.323                                                                                                           
1 512 399.727                                                                                                           
1 512 398.767                                                                                                           
1 512 400.715                                                                                                           
1 512 401.997                                                                                                           
1 512 422.197                                                                                                           
1 512 407.993                                                                                                           
1 512 400.017                                                                                                           
1 512 401.985                                                                                                           
1 512 413.035                                                                                                           
1 512 400.533                                                                                                           
1 512 398.802                                                                                                           
1 512 398.615                                                                                                           
1 512 400.354                                                                                                           
1 512 400.188                                                                                                           
1 512 400.370                                                                                                           
2 512 52.739                                                                                                            
2 512 0.166                                                                                                             
2 512 0.039                                                                                                             
2 512 0.041                                                                                                             
2 512 0.040                                                                                                             
2 512 0.339                                                                                                             
2 512 0.801                                                                                                             
2 512 0.190                                                                                                             
2 512 0.060                                                                                                             
2 512 0.340                                                                                                             
2 512 0.312                                                                                                             
2 512 0.261                                                                                                             
2 512 0.242                                                                                                             
2 512 0.244                                                                                                             
2 512 0.256                                                                                                             
2 512 0.304                                                                                                             
2 512 0.266                                                                                                             
2 512 0.237                                                                                                             
2 512 0.247                                                                                                             
2 512 0.262                                                                                                             
1 1024 1582.770                                                                                                         
1 1024 1599.385                                                                                                         
1 1024 1597.332                                                                                                         
1 1024 1582.400                                                                                                         
1 1024 1600.005                                                                                                         
1 1024 1584.313                                                                                                         
1 1024 1582.425                                                                                                         
1 1024 1586.056                                                                                                         
1 1024 1585.382                                                                                                         
1 1024 1584.099                                                                                                         
1 1024 1584.814                                                                                                         
1 1024 1598.744                                                                                                         
1 1024 1584.428                                                                                                         
1 1024 1584.651                                                                                                         
1 1024 1594.431                                                                                                         
1 1024 1635.032                                                                                                         
1 1024 1618.088                                                                                                         
1 1024 1595.029                                                                                                         
1 1024 1586.123                                                                                                         
1 1024 1590.810                                                                                                         
2 1024 45.306                                                                                                           
2 1024 0.599                                                                                                            
2 1024 0.710                                                                                                            
2 1024 0.300                                                                                                            
2 1024 0.402                                                                                                            
2 1024 0.117                                                                                                            
2 1024 0.215                                                                                                            
2 1024 0.135                                                                                                            
2 1024 0.184                                                                                                            
2 1024 0.126                                                                                                            
2 1024 0.285                                                                                                            
2 1024 0.170                                                                                                            
2 1024 0.163                                                                                                            
2 1024 0.176                                                                                                            
2 1024 0.497                                                                                                            
2 1024 0.371                                                                                                            
2 1024 0.208                                                                                                            
2 1024 0.193                                                                                                            
2 1024 0.162                                                                                                            
2 1024 0.315                                                                                                            
1 2048 6926.175                                                                                                         
1 2048 6919.486                                                                                                         
1 2048 6904.965                                                                                                         
1 2048 6912.862                                                                                                         
1 2048 6959.160                                                                                                         
1 2048 6886.402                                                                                                         
1 2048 6885.238                                                                                                         
1 2048 6853.577                                                                                                         
1 2048 6901.184                                                                                                         
1 2048 6940.079                                                                                                         
1 2048 6888.523                                                                                                         
1 2048 6883.066                                                                                                         
1 2048 6937.497                                                                                                         
1 2048 6891.279                                                                                                         
1 2048 6869.995                                                                                                         
1 2048 7029.164                                                                                                         
1 2048 8356.367                                                                                                         
1 2048 11167.033                                                                                                        
1 2048 6986.508                                                                                                         
1 2048 7134.831                                                                                                         
2 2048 141.955                                                                                                          
2 2048 11.033                                                                                                           
2 2048 1.942                                                                                                            
2 2048 1.708                                                                                                            
2 2048 1.787                                                                                                            
2 2048 2.447                                                                                                            
2 2048 1.675                                                                                                            
2 2048 1.886                                                                                                            
2 2048 1.536                                                                                                            
2 2048 1.368                                                                                                            
2 2048 1.256                                                                                                            
2 2048 1.454                                                                                                            
2 2048 2.951                                                                                                            
2 2048 1.485                                                                                                            
2 2048 2.302                                                                                                            
2 2048 1.515                                                                                                            
2 2048 1.449                                                                                                            
2 2048 1.407                                                                                                            
2 2048 1.531                                                                                                            
2 2048 2.186                                                                                                            
1 4096 24462.685                                                                                                        
1 4096 24479.866                                                                                                        
1 4096 24805.370                                                                                                        
1 4096 24712.811                                                                                                        
1 4096 24688.205                                                                                                        
1 4096 25034.971                                                                                                        
1 4096 24577.729                                                                                                        
1 4096 24640.279                                                                                                        
1 4096 24669.143                                                                                                        
1 4096 25046.836                                                                                                        
1 4096 24571.311                                                                                                        
1 4096 24639.670                                                                                                        
1 4096 24701.412                                                                                                        
1 4096 24713.299                                                                                                        
1 4096 24630.222                                                                                                        
1 4096 24990.717                                                                                                        
1 4096 24830.804                                                                                                        
1 4096 24757.612                                                                                                        
1 4096 24617.691                                                                                                        
1 4096 24625.791                                                                                                        
2 4096 7.192                                                                                                            
2 4096 6.458                                                                                                            
2 4096 5.942                                                                                                            
2 4096 6.611                                                                                                            
2 4096 6.078                                                                                                            
2 4096 6.155                                                                                                            
2 4096 7.355                                                                                                            
2 4096 6.251                                                                                                            
2 4096 6.039                                                                                                            
2 4096 6.597                                                                                                            
2 4096 6.063                                                                                                            
2 4096 5.916                                                                                                            
2 4096 6.880                                                                                                            
2 4096 6.233                                                                                                            
2 4096 6.089                                                                                                            
2 4096 7.466                                                                                                            
2 4096 6.216                                                                                                            
2 4096 7.590                                                                                                            
2 4096 6.237                                                                                                            
2 4096 6.939    
1 8192 103983.412                                                                                                       
1 8192 104336.935                                                                                                       
1 8192 103993.458                                                                                                       
1 8192 104180.669                                                                                                       
1 8192 105298.913                                                                                                       
1 8192 104814.353                                                                                                       
1 8192 105272.936                                                                                                       
1 8192 106037.217                                                                                                       
1 8192 104130.982                                                                                                       
1 8192 104346.245                                                                                                       
1 8192 104222.166                                                                                                       
1 8192 104291.281                                                                                                       
1 8192 104537.872                                                                                                       
1 8192 104236.143                                                                                                       
1 8192 104736.781                                                                                                       
1 8192 104472.200                                                                                                       
1 8192 105799.827                                                                                                       
1 8192 104726.093                                                                                                       
1 8192 104987.664                                                                                                       
1 8192 104149.328                                                                                                       
2 8192 51.233                                                                                                           
2 8192 25.489                                                                                                           
2 8192 25.343                                                                                                           
2 8192 25.516                                                                                                           
2 8192 25.891                                                                                                           
2 8192 26.227                                                                                                           
2 8192 25.748                                                                                                           
2 8192 27.699                                                                                                           
2 8192 29.214                                                                                                           
2 8192 25.726                                                                                                           
2 8192 25.697                                                                                                           
2 8192 25.573                                                                                                           
2 8192 25.848                                                                                                           
2 8192 25.656                                                                                                           
2 8192 25.577                                                                                                           
2 8192 25.745                                                                                                           
2 8192 25.613                                                                                                           
2 8192 25.965                                                                                                           
2 8192 25.265                                                                                                           
2 8192 27.297
